0000000000000000
0000000111001111
0000001110011010
0000010101100010
0000011100101000
0000100011101010
0000101010101001
0000110001100110
0000111000011111
0000111111010110
0001000110001010
0001001100111011
0001010011101010
0001011010010110
0001100001000000
0001100111100111
0001101110001100
0001110100101111
0001111011001111
0010000001101101
0010001000001001
0010001110100011
0010010100111010
0010011011010000
0010100001100100
0010100111110101
0010101110000101
0010110100010011
0010111010011111
0011000000101001
0011000110110010
0011001100111001
0011010010111110
0011011001000001
0011011111000011
0011100101000100
0011101011000011
0011110001000000
0011110110111100
0011111100110111
0100000010110000
0100001000101000
0100001110011111
0100010100010100
0100011010001001
0100011111111100
0100100101101110
0100101011011110
0100110001001110
0100110110111101
0100111100101010
0101000010010111
0101001000000011
0101001101101110
0101010011010111
0101011001000000
0101011110101001
0101100100010000
0101101001110111
0101101111011100
0101110101000010
0101111010100110
0110000000001010
0110000101101101
0110001011010000
0110010000110010
0110010110010011
0110011011110100
0110100001010100
0110100110110100
0110101100010100
0110110001110011
0110110111010010
0110111100110000
0111000010001110
0111000111101100
0111001101001010
0111010010100111
0111011000000100
0111011101100001
0111100010111110
0111101000011010
0111101101110111
0111110011010011
0111111000101111
0111111110001011
1000000011101000
1000001001000100
1000001110100000
1000010011111101
1000011001011001
1000011110110110
1000100100010010
1000101001101111
1000101111001100
1000110100101010
1000111010000111
1000111111100101
1001000101000011
1001001010100010
1001010000000001
1001010101100000
1001011011000000
1001100000100000
1001100110000001
1001101011100010
1001110001000011
1001110110100110
1001111100001000
1010000001101100
1010000111010000
1010001100110100
1010010010011010
1010011000000000
1010011101100111
1010100011001110
1010101000110111
1010101110100000
1010110100001010
1010111001110101
1010111111100001
1011000101001110
1011001010111100
1011010000101011
1011010110011011
1011011100001101
1011100001111111
1011100111110010
1011101101100111
1011110011011101
1011111001010100
1011111111001100
1100000101000110
1100001011000001
1100010000111110
1100010110111100
1100011100111011
1100100010111100
1100101000111111
1100101111000011
1100110101001001
1100111011010000
1101000001011001
1101000111100100
1101001101110001
1101010011111111
1101011010001111
1101100000100010
1101100110110110
1101101101001100
1101110011100101
1101111001111111
1110000000011100
1110000110111010
1110001101011100
1110010011111111
1110011010100101
1110100001001101
1110100111110111
1110101110100100
1110110101010100
1110111100000110
1111000010111011
1111001001110011
1111010000101101
1111010111101011
1111011110101011
1111100101101110
1111101100110100
1111110011111110
1111111011001010
1111111111111111
1111111111111111
1111111111111111
1111111111111111
1111111111111111
1111111111111111
1111111111111111
1111111111111111
1111111111111111
