000000000000000
000000011001001
000000110010010
000001001011011
000001100100100
000001111101101
000010010110110
000010101111111
000011001001000
000011100010001
000011111011001
000100010100010
000100101101010
000101000110011
000101011111011
000101111000100
000110010001100
000110101010100
000111000011100
000111011100011
000111110101011
001000001110010
001000100111010
001001000000001
001001011001000
001001110001111
001010001010101
001010100011100
001010111100010
001011010101000
001011101101110
001100000110011
001100011111001
001100110111110
001101010000010
001101101000111
001110000001011
001110011001111
001110110010011
001111001010111
001111100011010
001111111011101
010000010011111
010000101100001
010001000100011
010001011100101
010001110100110
010010001100111
010010100101000
010010111101000
010011010101000
010011101100111
010100000100110
010100011100101
010100110100011
010101001100001
010101100011111
010101111011100
010110010011001
010110101010101
010111000010001
010111011001100
010111110000111
011000001000001
011000011111011
011000110110101
011001001101110
011001100100110
011001111011111
011010010010110
011010101001101
011011000000100
011011010111010
011011101101111
011100000100100
011100011011001
011100110001100
011101001000000
011101011110010
011101110100101
011110001010110
011110100000111
011110110111000
011111001101000
011111100010111
011111111000101
100000001110011
100000100100001
100000111001110
100001001111010
100001100100101
100001111010000
100010001111010
100010100100100
100010111001101
100011001110101
100011100011100
100011111000011
100100001101001
100100100001111
100100110110100
100101001011000
100101011111011
100101110011101
100110000111111
100110011100000
100110110000001
100111000100000
100111010111111
100111101011101
100111111111011
101000010010111
101000100110011
101000111001110
101001001101000
101001100000010
101001110011011
101010000110010
101010011001001
101010101100000
101010111110101
101011010001010
101011100011101
101011110110000
101100001000010
101100011010011
101100101100100
101100111110011
101101010000010
101101100001111
101101110011100
101110000101000
101110010110011
101110100111110
101110111000111
101111001001111
101111011010111
101111101011101
101111111100011
110000001101000
110000011101011
110000101101110
110000111110000
110001001110001
110001011110001
110001101110000
110001111101110
110010001101100
110010011101000
110010101100011
110010111011101
110011001010110
110011011001111
110011101000110
110011110111100
110100000110010
110100010100110
110100100011001
110100110001011
110100111111101
110101001101101
110101011011100
110101101001010
110101110110111
110110000100011
110110010001110
110110011111000
110110101100001
110110111001001
110111000110000
110111010010110
110111011111011
110111101011110
110111111000001
111000000100010
111000010000011
111000011100010
111000101000000
111000110011101
111000111111001
111001001010100
111001010101110
111001100000111
111001101011110
111001110110101
111010000001010
111010001011111
111010010110010
111010100000100
111010101010101
111010110100101
111010111110011
111011001000001
111011010001101
111011011011000
111011100100010
111011101101011
111011110110011
111011111111010
111100000111111
111100010000100
111100011000111
111100100001001
111100101001010
111100110001001
111100111001000
111101000000101
111101001000001
111101001111100
111101010110110
111101011101110
111101100100110
111101101011100
111101110010001
111101111000101
111101111111000
111110000101001
111110001011001
111110010001000
111110010110110
111110011100011
111110100001110
111110100111001
111110101100010
111110110001001
111110110110000
111110111010101
111110111111010
111111000011101
111111000111110
111111001011111
111111001111110
111111010011100
111111010111001
111111011010101
111111011101111
111111100001001
111111100100001
111111100110111
111111101001101
111111101100001
111111101110100
111111110000110
111111110010111
111111110100110
111111110110100
111111111000001
111111111001101
111111111011000
111111111100001
111111111101001
111111111110000
111111111110101
111111111111001
111111111111101
111111111111110
